(0, 6.683757214720476e-05)
(1, 1.796796512354426e-05)
(2, 1.796796512354426e-05)
(3, 1.4735888589689772e-05)
(4, 1.4735888589689772e-05)
(5, 1.4735888589689772e-05)
(6, 1.4735888589689772e-05)
(7, 1.4735888589689772e-05)
(8, 1.4735888589689772e-05)
(9, 1.4735888589689772e-05)
(10, 1.4735888589689772e-05)
(11, 1.4735888589689772e-05)
(12, 1.4735888589689772e-05)
(13, 1.4735888589689772e-05)
(14, 1.4735888589689772e-05)
(15, 3.6394543013740233e-06)
(16, 3.6394543013740233e-06)
(17, 3.6394543013740233e-06)
(18, 3.6394543013740233e-06)
(19, 3.6394543013740233e-06)
(20, 3.6394543013740233e-06)
(21, 3.6394543013740233e-06)
(22, 3.6394543013740233e-06)
(23, 3.6394543013740233e-06)
(24, 3.6394543013740233e-06)
(25, 3.6394543013740233e-06)
(26, 3.6394543013740233e-06)
(27, 3.6394543013740233e-06)
(28, 3.197562969958767e-08)
(29, 3.197562969958767e-08)
(30, 3.197562969958767e-08)
(31, 3.197562969958767e-08)
(32, 3.197562969958767e-08)
(33, 3.197562969958767e-08)
(34, 3.197562969958767e-08)
(35, 3.197562969958767e-08)
(36, 3.197562969958767e-08)
(37, 3.197562969958767e-08)
(38, 3.197562969958767e-08)
(39, 3.197562969958767e-08)
(40, 3.197562969958767e-08)
(41, 1.9855471045104878e-08)
(42, 1.9855471045104878e-08)
(43, 1.9855471045104878e-08)
(44, 1.9855471045104878e-08)
(45, 1.9855471045104878e-08)
(46, 1.9855471045104878e-08)
(47, 1.9855471045104878e-08)
(48, 1.9855471045104878e-08)
(49, 1.9855471045104878e-08)
(50, 1.9855471045104878e-08)
(51, 1.9855471045104878e-08)
(52, 1.9855471045104878e-08)
(53, 1.9855471045104878e-08)
(54, 1.9855471045104878e-08)
(55, 1.9855471045104878e-08)
(56, 1.9855471045104878e-08)
(57, 1.9855471045104878e-08)
(58, 1.9855471045104878e-08)
(59, 1.9855471045104878e-08)
(60, 1.9855471045104878e-08)
(61, 1.9855471045104878e-08)
(62, 1.9855471045104878e-08)
(63, 1.9855471045104878e-08)
(64, 1.9855471045104878e-08)
(65, 1.9855471045104878e-08)
(66, 1.9855471045104878e-08)
(67, 1.9855471045104878e-08)
(68, 1.9855471045104878e-08)
(69, 1.9855471045104878e-08)
(70, 1.9855471045104878e-08)
(71, 1.9855471045104878e-08)
(72, 1.9855471045104878e-08)
(73, 1.9855471045104878e-08)
(74, 1.9855471045104878e-08)
(75, 1.9855471045104878e-08)
(76, 1.9855471045104878e-08)
(77, 1.9855471045104878e-08)
(78, 1.9855471045104878e-08)
(79, 1.9855471045104878e-08)
(80, 1.9855471045104878e-08)
(81, 1.9855471045104878e-08)
(82, 1.9855471045104878e-08)
(83, 1.9855471045104878e-08)
(84, 1.9855471045104878e-08)
(85, 1.9855471045104878e-08)
(86, 1.9855471045104878e-08)
(87, 1.9855471045104878e-08)
(88, 1.9855471045104878e-08)
(89, 1.9855471045104878e-08)
(90, 1.9855471045104878e-08)
(91, 1.9855471045104878e-08)
(92, 1.9855471045104878e-08)
(93, 1.9855471045104878e-08)
(94, 1.9855471045104878e-08)
(95, 1.9855471045104878e-08)
(96, 1.9855471045104878e-08)
(97, 1.9855471045104878e-08)
(98, 1.9855471045104878e-08)
(99, 1.9855471045104878e-08)
(100, 1.9855471045104878e-08)
(101, 1.9855471045104878e-08)
(102, 1.9855471045104878e-08)
(103, 1.9855471045104878e-08)
(104, 1.9855471045104878e-08)
(105, 1.9855471045104878e-08)
(106, 1.9855471045104878e-08)
(107, 1.9855471045104878e-08)
(108, 1.9855471045104878e-08)
(109, 1.9855471045104878e-08)
(110, 1.9855471045104878e-08)
(111, 1.9855471045104878e-08)
(112, 1.9855471045104878e-08)
(113, 1.9855471045104878e-08)
(114, 1.9855471045104878e-08)
(115, 1.9855471045104878e-08)
(116, 1.9855471045104878e-08)
(117, 1.9855471045104878e-08)
(118, 1.9855471045104878e-08)
(119, 1.9855471045104878e-08)
(120, 1.9855471045104878e-08)
(121, 1.9855471045104878e-08)
(122, 1.9855471045104878e-08)
(123, 1.9855471045104878e-08)
(124, 1.9855471045104878e-08)
(125, 1.9855471045104878e-08)
(126, 1.9855471045104878e-08)
(127, 1.9855471045104878e-08)
(128, 1.9855471045104878e-08)
(129, 1.9855471045104878e-08)
(130, 1.9855471045104878e-08)
(131, 1.9855471045104878e-08)
(132, 1.9855471045104878e-08)
(133, 1.9855471045104878e-08)
(134, 1.9855471045104878e-08)
(135, 1.9855471045104878e-08)
(136, 1.9855471045104878e-08)
(137, 1.9855471045104878e-08)
(138, 1.9855471045104878e-08)
(139, 1.9855471045104878e-08)
(140, 1.9855471045104878e-08)
(141, 1.9855471045104878e-08)
(142, 1.9855471045104878e-08)
(143, 1.9855471045104878e-08)
(144, 1.9855471045104878e-08)
(145, 1.9855471045104878e-08)
(146, 1.9855471045104878e-08)
(147, 1.161566509644274e-09)
(148, 1.161566509644274e-09)
(149, 1.161566509644274e-09)
(150, 1.161566509644274e-09)
(151, 1.161566509644274e-09)
(152, 1.161566509644274e-09)
(153, 1.161566509644274e-09)
(154, 1.161566509644274e-09)
(155, 1.161566509644274e-09)
(156, 1.161566509644274e-09)
(157, 1.161566509644274e-09)
(158, 1.161566509644274e-09)
(159, 1.161566509644274e-09)
(160, 1.161566509644274e-09)
(161, 1.161566509644274e-09)
(162, 1.161566509644274e-09)
(163, 1.161566509644274e-09)
(164, 1.161566509644274e-09)
(165, 1.161566509644274e-09)
(166, 1.161566509644274e-09)
(167, 1.161566509644274e-09)
(168, 1.161566509644274e-09)
(169, 1.161566509644274e-09)
(170, 1.161566509644274e-09)
(171, 1.161566509644274e-09)
(172, 1.161566509644274e-09)
(173, 1.161566509644274e-09)
(174, 1.161566509644274e-09)
(175, 1.161566509644274e-09)
(176, 1.161566509644274e-09)
(177, 1.161566509644274e-09)
(178, 1.161566509644274e-09)
(179, 1.161566509644274e-09)
(180, 1.161566509644274e-09)
(181, 1.161566509644274e-09)
(182, 1.161566509644274e-09)
(183, 1.161566509644274e-09)
(184, 1.161566509644274e-09)
(185, 1.161566509644274e-09)
(186, 1.161566509644274e-09)
(187, 1.161566509644274e-09)
(188, 1.161566509644274e-09)
(189, 1.161566509644274e-09)
(190, 1.161566509644274e-09)
(191, 1.161566509644274e-09)
(192, 1.161566509644274e-09)
(193, 1.161566509644274e-09)
(194, 1.161566509644274e-09)
(195, 1.161566509644274e-09)
(196, 1.161566509644274e-09)
(197, 1.161566509644274e-09)
(198, 1.161566509644274e-09)
(199, 1.161566509644274e-09)
elapsed time:0.3910867
